[[0, 4, 12, 10, 10, 0, 0, 0, 3, 6, 11, 17, 14, 8, 0, 0], 
[9, 3, 14, 11, 15, 7, 24, 0, 13, 14, 3, 10, 2, 15, 1, 1], 
[9, 15, 11, 11, 14, 11, 4, 11, 10, 0, 0, 0, 10, 16, 12, 8],
 [7, 6, 3, 11, 6, 5, 8, 3, 5, 6, 12, 5, 8, 7, 7, 0],
 [0, 0, 0, 0, 0, 0, 0, 0, 0, 0, 0, 0, 0, 0, 0, 0],
 [8, 10, 17, 12, 16, 17, 19, 14, 3, 18, 0, 0, 0, 0, 16, 14],
 [2, 7, 1, 9, 6, 2, 4, 3, 0, 1, 0, 3, 22, 14, 3, 3], 
[0, 5, 4, 0, 0, 4, 4, 0, 16, 5, 2, 0, 0, 10, 5, 0], 
[11, 7, 10, 24, 4, 4, 7, 0, 14, 27, 4, 13, 1, 2, 21, 20],
 [2, 15, 7, 3, 9, 3, 8, 12, 8, 13, 13, 12, 7, 20, 3, 1], 
[0, 1, 2, 2, 5, 8, 1, 9, 2, 14, 0, 11, 3, 3, 5, 9], 
[0, 0, 8, 5, 0, 0, 0, 2, 0, 14, 0, 0, 8, 21, 1, 8],
[1, 2, 0, 0, 1, 8, 1, 0, 0, 7, 0, 14, 3, 0, 12, 0], 
[4, 4, 9, 6, 8, 8, 0, 0, 0, 0, 4, 12, 17, 10, 6, 3],
 [0, 0, 0, 0, 0, 0, 0, 0, 0, 0, 0, 0, 0, 0, 0, 0], 
[13, 13, 17, 0, 0, 0, 10, 0, 0, 9, 13, 0, 21, 10, 14, 0]]







